$ANSIBLE_VAULT;1.1;AES256
61323563303838616262373237356136653961653632623764306433313039323638643864616636
3333313366383530356130386564336562626265343733660a623137366236643931643562373961
61613163656338373664663864346435396236626561386532343761383233373437356636356232
3866393135633665630a346134376232373839613031316237396530333938343835623231323363
30656239376232363738363362353662323766376535383966383166613239616133613832646439
61313965363263613338633031396366366238303764383065346536393039623336326230626363
38653535356162663365343636326635616666636564643838373065363234633434313935356537
63363032306639323031323162313835383136393363316166333734653535656364363062323538
63323631386539383264623362623332333334393731656237336164663163376338613265613534
32353761393837623865323336383134363236393136643631643631316332383934633162353662
32316531666133353436353462623937303464633432353764643264643836663639303261336262
38636233306433326132363639336432636363373132356131616538306566303130396132336564
6562
